Export File Created with QBlade v0.963 64bit on 01.04.2021 at 14:35:11
           T1_Re0.091_M0.00_N9.0           T1_Re0.112_M0.00_N9.0           T1_Re0.171_M0.00_N9.0
 Alpha Cd Alpha Cd Alpha Cd
    -1.00000e+01     3.34923e-02    -1.00000e+01     2.97145e-02    -1.00000e+01     2.44180e-02
    -9.50000e+00     3.17839e-02    -9.50000e+00     2.83046e-02    -9.50000e+00     2.34910e-02
    -9.00000e+00     3.00559e-02    -9.00000e+00     2.70956e-02    -9.00000e+00     2.23635e-02
    -8.50000e+00     2.85767e-02    -8.50000e+00     2.57830e-02    -8.50000e+00     2.14360e-02
    -8.00000e+00     2.73062e-02    -8.00000e+00     2.46775e-02    -8.00000e+00     2.06728e-02
    -7.50000e+00     2.61788e-02    -7.50000e+00     2.36993e-02    -7.50000e+00     2.00282e-02
    -7.00000e+00     2.52319e-02    -7.00000e+00     2.28459e-02    -7.00000e+00     1.93652e-02
    -6.50000e+00     2.44014e-02    -6.50000e+00     2.21609e-02    -6.50000e+00     1.88196e-02
    -6.00000e+00     2.37411e-02    -6.00000e+00     2.15998e-02    -6.00000e+00     1.82211e-02
    -5.50000e+00     2.32326e-02    -5.50000e+00     2.11730e-02    -5.50000e+00     1.77566e-02
    -5.00000e+00     2.28629e-02    -5.00000e+00     2.08740e-02    -5.00000e+00     1.72954e-02
    -4.50000e+00     2.26223e-02    -4.50000e+00     2.07961e-02    -4.50000e+00     1.67306e-02
    -4.00000e+00     2.26845e-02    -4.00000e+00     2.07111e-02    -4.00000e+00     1.62424e-02
    -3.50000e+00     2.28575e-02    -3.50000e+00     2.05195e-02    -3.50000e+00     1.56806e-02
    -3.00000e+00     2.29632e-02    -3.00000e+00     2.02283e-02    -3.00000e+00     1.50481e-02
    -2.50000e+00     2.29654e-02    -2.50000e+00     1.99404e-02    -2.50000e+00     1.45130e-02
    -2.00000e+00     2.29643e-02    -2.00000e+00     1.95529e-02    -2.00000e+00     1.40431e-02
    -1.50000e+00     2.27925e-02    -1.50000e+00     1.91583e-02    -1.50000e+00     1.36593e-02
    -1.00000e+00     2.27602e-02    -1.00000e+00     1.87986e-02    -1.00000e+00     1.33761e-02
    -5.00000e-01     2.27457e-02    -5.00000e-01     1.85331e-02    -5.00000e-01     1.31989e-02
     0.00000e+00     2.27356e-02     0.00000e+00     1.84404e-02     0.00000e+00     1.31325e-02
     5.00000e-01     2.27452e-02     5.00000e-01     1.85329e-02     5.00000e-01     1.31989e-02
     1.00000e+00     2.27593e-02     1.00000e+00     1.87980e-02     1.00000e+00     1.33760e-02
     1.50000e+00     2.27909e-02     1.50000e+00     1.91574e-02     1.50000e+00     1.36591e-02
     2.00000e+00     2.29615e-02     2.00000e+00     1.95514e-02     2.00000e+00     1.40428e-02
     2.50000e+00     2.29613e-02     2.50000e+00     1.99381e-02     2.50000e+00     1.45124e-02
     3.00000e+00     2.29573e-02     3.00000e+00     2.02248e-02     3.00000e+00     1.50472e-02
     3.50000e+00     2.28499e-02     3.50000e+00     2.05143e-02     3.50000e+00     1.56769e-02
     4.00000e+00     2.26758e-02     4.00000e+00     2.07040e-02     4.00000e+00     1.62399e-02
     4.50000e+00     2.26138e-02     4.50000e+00     2.07872e-02     4.50000e+00     1.67271e-02
     5.00000e+00     2.28546e-02     5.00000e+00     2.08641e-02     5.00000e+00     1.72904e-02
     5.50000e+00     2.32244e-02     5.50000e+00     2.11643e-02     5.50000e+00     1.77511e-02
     6.00000e+00     2.37329e-02     6.00000e+00     2.15912e-02     6.00000e+00     1.82139e-02
     6.50000e+00     2.43932e-02     6.50000e+00     2.21524e-02     6.50000e+00     1.88109e-02
     7.00000e+00     2.52237e-02     7.00000e+00     2.28377e-02     7.00000e+00     1.93567e-02
     7.50000e+00     2.61706e-02     7.50000e+00     2.36914e-02     7.50000e+00     2.00198e-02
     8.00000e+00     2.72987e-02     8.00000e+00     2.46698e-02     8.00000e+00     2.06624e-02
     8.50000e+00     2.85696e-02     8.50000e+00     2.57751e-02     8.50000e+00     2.14266e-02
     9.00000e+00     3.00484e-02     9.00000e+00     2.70878e-02     9.00000e+00     2.23545e-02
     9.50000e+00     3.17765e-02     9.50000e+00     2.82960e-02     9.50000e+00     2.34819e-02
     1.00000e+01     3.34842e-02     1.00000e+01     2.97070e-02     1.00000e+01     2.44096e-02
     1.05000e+01     3.52793e-02     1.05000e+01     3.15742e-02     1.05000e+01     2.57223e-02
     1.10000e+01     3.78120e-02     1.10000e+01     3.31546e-02     1.10000e+01     2.69477e-02
     1.15000e+01     4.01707e-02     1.15000e+01     3.54930e-02     1.15000e+01     2.87310e-02
     1.20000e+01     4.31158e-02     1.20000e+01     3.71798e-02     1.20000e+01     3.05231e-02
     1.25000e+01     4.62164e-02     1.25000e+01     4.02869e-02     1.25000e+01     3.29521e-02
     1.30000e+01     4.90614e-02     1.30000e+01     4.33694e-02     1.30000e+01     3.52651e-02
     1.35000e+01     1.17550e-01     1.35000e+01     4.62601e-02     1.35000e+01     3.81576e-02
     1.40000e+01     1.37047e-01     1.40000e+01     5.16203e-02     1.40000e+01     4.13789e-02
     1.45000e+01     1.46408e-01     1.45000e+01     5.83792e-02     1.45000e+01     4.48529e-02
     1.50000e+01     1.68812e-01     1.50000e+01     6.85512e-02     1.50000e+01     4.83626e-02
     1.55000e+01     1.74474e-01     1.55000e+01     1.60550e-01     1.55000e+01     5.38225e-02
     1.60000e+01     1.83950e-01     1.60000e+01     1.79981e-01     1.60000e+01     6.03690e-02
     1.65000e+01     1.87651e-01     1.65000e+01     1.84790e-01     1.65000e+01     6.85932e-02
     1.70000e+01     1.96064e-01     1.70000e+01     1.91243e-01     1.70000e+01     7.91159e-02
     1.75000e+01     2.02246e-01     1.75000e+01     2.02906e-01     2.05000e+01     2.34495e-01
     1.80000e+01     2.07668e-01     1.80000e+01     2.05438e-01     2.10000e+01     2.39496e-01
     1.85000e+01     2.16795e-01     1.85000e+01     2.12084e-01     2.15000e+01     2.50738e-01
     1.90000e+01     2.20904e-01     1.90000e+01     2.21405e-01     2.20000e+01     2.53968e-01
     1.95000e+01     2.26779e-01     1.95000e+01     2.25048e-01     2.25000e+01     2.59774e-01
     2.00000e+01     2.37076e-01     2.00000e+01     2.31177e-01     2.30000e+01     2.64830e-01
     2.05000e+01     2.42417e-01     2.05000e+01     2.47220e-01     2.35000e+01     2.71275e-01
     2.10000e+01     2.46169e-01     2.10000e+01     2.45071e-01     2.40000e+01     2.83987e-01
     2.15000e+01     2.52338e-01     2.15000e+01     2.50667e-01     2.45000e+01     2.85878e-01
     2.20000e+01     2.66897e-01     2.20000e+01     2.56678e-01     2.50000e+01     2.92210e-01
     2.25000e+01     2.65093e-01     2.25000e+01     2.73185e-01     2.55000e+01     2.97885e-01
     2.30000e+01     2.70185e-01     2.30000e+01     2.69228e-01     2.60000e+01     3.03240e-01
     2.35000e+01     2.77039e-01     2.35000e+01     2.74994e-01     2.65000e+01     3.15184e-01
     2.40000e+01     2.98622e-01     2.40000e+01     2.81137e-01     2.70000e+01     3.22884e-01
     2.45000e+01     2.90289e-01     2.45000e+01     2.95628e-01     2.75000e+01     3.25016e-01
     2.50000e+01     2.95728e-01     2.50000e+01     2.99535e-01     2.80000e+01     3.31653e-01
     2.55000e+01     3.01861e-01     2.55000e+01     3.01196e-01     2.85000e+01     3.37560e-01
     2.60000e+01     3.09487e-01     2.60000e+01     3.07381e-01     2.90000e+01     3.43349e-01
     2.65000e+01     3.33015e-01     2.65000e+01     3.13380e-01     2.95000e+01     3.51731e-01
     2.70000e+01     3.26372e-01     2.70000e+01     3.21809e-01     3.00000e+01     3.65497e-01
     2.75000e+01     3.28222e-01     2.75000e+01     3.36517e-01     3.05000e+01     3.69448e-01
     2.80000e+01     3.34426e-01     2.80000e+01     3.34178e-01     3.10000e+01     3.73424e-01
     2.85000e+01     3.41356e-01     2.85000e+01     3.40463e-01     3.15000e+01     3.79814e-01
     2.90000e+01     3.57973e-01     2.90000e+01     3.46753e-01     3.20000e+01     3.86251e-01
     2.95000e+01     3.61944e-01     2.95000e+01     3.53232e-01     3.25000e+01     3.92355e-01
     3.00000e+01     3.62282e-01     3.00000e+01     3.63613e-01     3.30000e+01     3.98235e-01
     3.05000e+01     3.68775e-01     3.05000e+01     3.78923e-01     3.35000e+01     4.05384e-01
     3.10000e+01     3.75318e-01     3.10000e+01     3.78612e-01     3.40000e+01     4.21055e-01
     3.15000e+01     3.81865e-01     3.15000e+01     3.81827e-01     3.45000e+01     4.24192e-01
     3.20000e+01     3.89415e-01     3.20000e+01     3.88455e-01     3.50000e+01     4.28796e-01
     3.25000e+01     4.05187e-01     3.25000e+01     3.94828e-01     3.55000e+01     4.36140e-01
     3.30000e+01     4.12377e-01     3.30000e+01     4.01016e-01     3.60000e+01     4.43117e-01
     3.35000e+01     4.10305e-01     3.35000e+01     4.08493e-01     3.65000e+01     4.49767e-01
     3.40000e+01     4.16955e-01     3.40000e+01     4.29164e-01     3.70000e+01     4.56123e-01
     3.45000e+01     4.23701e-01     3.45000e+01     4.29820e-01     3.75000e+01     4.62038e-01
     3.50000e+01     4.30307e-01     3.50000e+01     4.30885e-01     3.80000e+01     4.68214e-01
     3.55000e+01     4.37576e-01     3.55000e+01     4.37503e-01     3.85000e+01     4.81869e-01
     3.60000e+01     4.51810e-01     3.60000e+01     4.44425e-01     3.90000e+01     4.89879e-01
     3.65000e+01     4.63534e-01     3.65000e+01     4.51100e-01     3.95000e+01     4.94330e-01
     3.70000e+01     4.63512e-01     3.70000e+01     4.57593e-01     4.00000e+01     4.99167e-01
     3.75000e+01     4.67035e-01     3.75000e+01     4.64161e-01     4.05000e+01     5.06401e-01
     3.80000e+01     4.73482e-01     3.80000e+01     4.72075e-01     4.10000e+01     5.13721e-01
     3.85000e+01     4.80406e-01     3.85000e+01     4.90207e-01     4.15000e+01     5.20429e-01
     3.90000e+01     4.87117e-01     3.90000e+01     4.94550e-01     4.20000e+01     5.26759e-01
     3.95000e+01     4.93471e-01     3.95000e+01     4.95321e-01     4.25000e+01     5.32770e-01
     4.00000e+01     5.00074e-01     4.00000e+01     5.00570e-01     4.30000e+01     5.38618e-01
     4.05000e+01     5.09622e-01     4.05000e+01     5.07726e-01     4.35000e+01     5.44997e-01
     4.25000e+01     5.36585e-01     4.10000e+01     5.14625e-01     4.40000e+01     5.56352e-01
     4.30000e+01     5.43570e-01     4.15000e+01     5.21182e-01     4.70000e+01     5.94890e-01
     4.35000e+01     5.50386e-01     4.20000e+01     5.27470e-01     4.75000e+01     6.02144e-01
     4.40000e+01     5.57003e-01     4.25000e+01     5.33901e-01     4.80000e+01     6.08736e-01
     4.45000e+01     5.63435e-01     4.30000e+01     5.42780e-01     4.85000e+01     6.14838e-01
     4.50000e+01     5.69711e-01     4.45000e+01     5.67405e-01     4.90000e+01     6.20503e-01
     4.55000e+01     5.75966e-01     4.50000e+01     5.71815e-01     4.95000e+01     6.25768e-01
     4.60000e+01     5.82851e-01     4.55000e+01     5.77115e-01     5.00000e+01     6.30837e-01
     4.65000e+01     5.94225e-01     4.60000e+01     5.83308e-01     5.05000e+01     6.36757e-01
     4.75000e+01     6.08119e-01     4.65000e+01     5.90097e-01     5.20000e+01     6.60255e-01
     4.80000e+01     6.11582e-01     4.70000e+01     5.96646e-01                                
     4.85000e+01     6.16968e-01     4.75000e+01     6.02953e-01                                
     4.90000e+01     6.23555e-01     4.80000e+01     6.08979e-01                                
     4.95000e+01     6.30181e-01     4.85000e+01     6.14701e-01                                
     5.00000e+01     6.36522e-01     4.90000e+01     6.20361e-01                                
     5.05000e+01     6.42602e-01     4.95000e+01     6.27747e-01                                
     5.10000e+01     6.48437e-01     5.10000e+01     6.50743e-01                                
     5.15000e+01     6.54044e-01     5.15000e+01     6.55281e-01                                
     5.20000e+01     6.59512e-01     5.20000e+01     6.60611e-01                                

