Export File Created with QBlade v0.963 64bit on 01.04.2021 at 14:35:01
                           curve                           curve                           curve
 Alpha Cl Alpha Cl Alpha Cl
    -1.00000e+01    -1.05099e+00    -1.00000e+01    -1.03666e+00    -1.00000e+01    -1.02148e+00
    -9.50000e+00    -1.02112e+00    -9.50000e+00    -1.02035e+00    -9.50000e+00    -1.00862e+00
    -9.00000e+00    -9.96215e-01    -9.00000e+00    -9.98811e-01    -9.00000e+00    -9.94219e-01
    -8.50000e+00    -9.74272e-01    -8.50000e+00    -9.74861e-01    -8.50000e+00    -9.77788e-01
    -8.00000e+00    -9.51356e-01    -8.00000e+00    -9.52157e-01    -8.00000e+00    -9.57956e-01
    -7.50000e+00    -9.26281e-01    -7.50000e+00    -9.27862e-01    -7.50000e+00    -9.35203e-01
    -7.00000e+00    -8.99419e-01    -7.00000e+00    -9.01490e-01    -7.00000e+00    -9.09936e-01
    -6.50000e+00    -8.70396e-01    -6.50000e+00    -8.73029e-01    -6.50000e+00    -8.81829e-01
    -6.00000e+00    -8.39465e-01    -6.00000e+00    -8.42368e-01    -6.00000e+00    -8.04545e-01
    -5.50000e+00    -8.06859e-01    -5.50000e+00    -8.10344e-01    -5.50000e+00    -7.23578e-01
    -5.00000e+00    -7.73437e-01    -5.00000e+00    -7.75667e-01    -5.00000e+00    -6.40817e-01
    -4.50000e+00    -7.39594e-01    -4.50000e+00    -6.86443e-01    -4.50000e+00    -5.66324e-01
    -4.00000e+00    -6.75689e-01    -4.00000e+00    -5.99051e-01    -4.00000e+00    -4.91346e-01
    -3.50000e+00    -5.86313e-01    -3.50000e+00    -5.15895e-01    -3.50000e+00    -4.04680e-01
    -3.00000e+00    -4.99281e-01    -3.00000e+00    -4.34778e-01    -3.00000e+00    -3.36933e-01
    -2.50000e+00    -4.13841e-01    -2.50000e+00    -3.55379e-01    -2.50000e+00    -2.75538e-01
    -2.00000e+00    -3.30026e-01    -2.00000e+00    -2.77934e-01    -2.00000e+00    -2.17158e-01
    -1.50000e+00    -2.48496e-01    -1.50000e+00    -2.01682e-01    -1.50000e+00    -1.61345e-01
    -1.00000e+00    -1.64784e-01    -1.00000e+00    -1.29034e-01    -1.00000e+00    -1.07156e-01
    -5.00000e-01    -8.25769e-02    -5.00000e-01    -6.21814e-02    -5.00000e-01    -5.37146e-02
     0.00000e+00    -5.62917e-10     0.00000e+00    -2.51389e-09     0.00000e+00     1.34293e-09
     5.00000e-01     8.25702e-02     5.00000e-01     6.21765e-02     5.00000e-01     5.37145e-02
     1.00000e+00     1.64763e-01     1.00000e+00     1.29014e-01     1.00000e+00     1.07155e-01
     1.50000e+00     2.48462e-01     1.50000e+00     2.01643e-01     1.50000e+00     1.61342e-01
     2.00000e+00     3.29996e-01     2.00000e+00     2.77885e-01     2.00000e+00     2.17150e-01
     2.50000e+00     4.13811e-01     2.50000e+00     3.55337e-01     2.50000e+00     2.75525e-01
     3.00000e+00     4.99246e-01     3.00000e+00     4.34751e-01     3.00000e+00     3.36919e-01
     3.50000e+00     5.86261e-01     3.50000e+00     5.15887e-01     3.50000e+00     4.04257e-01
     4.00000e+00     6.75630e-01     4.00000e+00     5.99060e-01     4.00000e+00     4.91306e-01
     4.50000e+00     7.39275e-01     4.50000e+00     6.86460e-01     4.50000e+00     5.66337e-01
     5.00000e+00     7.73125e-01     5.00000e+00     7.75722e-01     5.00000e+00     6.40881e-01
     5.50000e+00     8.06563e-01     5.50000e+00     8.10032e-01     5.50000e+00     7.23511e-01
     6.00000e+00     8.39183e-01     6.00000e+00     8.42079e-01     6.00000e+00     8.04599e-01
     6.50000e+00     8.70117e-01     6.50000e+00     8.72763e-01     6.50000e+00     8.81522e-01
     7.00000e+00     8.99155e-01     7.00000e+00     9.01240e-01     7.00000e+00     9.09662e-01
     7.50000e+00     9.26038e-01     7.50000e+00     9.27635e-01     7.50000e+00     9.34963e-01
     8.00000e+00     9.51144e-01     8.00000e+00     9.51962e-01     8.00000e+00     9.57759e-01
     8.50000e+00     9.74104e-01     8.50000e+00     9.74705e-01     8.50000e+00     9.77634e-01
     9.00000e+00     9.96102e-01     9.00000e+00     9.98705e-01     9.00000e+00     9.94128e-01
     9.50000e+00     1.02107e+00     9.50000e+00     1.02028e+00     9.50000e+00     1.00863e+00
     1.00000e+01     1.05097e+00     1.00000e+01     1.03672e+00     1.00000e+01     1.02165e+00
     1.05000e+01     1.05853e+00     1.05000e+01     1.06015e+00     1.05000e+01     1.03253e+00
     1.10000e+01     1.08485e+00     1.10000e+01     1.07996e+00     1.10000e+01     1.04361e+00
     1.15000e+01     1.09267e+00     1.15000e+01     1.09647e+00     1.15000e+01     1.06285e+00
     1.20000e+01     1.11296e+00     1.20000e+01     1.11186e+00     1.20000e+01     1.08179e+00
     1.25000e+01     1.09597e+00     1.25000e+01     1.12476e+00     1.25000e+01     1.10454e+00
     1.30000e+01     1.12660e+00     1.30000e+01     1.12407e+00     1.30000e+01     1.12073e+00
     1.35000e+01     6.41563e-01     1.35000e+01     1.15094e+00     1.35000e+01     1.14513e+00
     1.40000e+01     5.90797e-01     1.40000e+01     1.13195e+00     1.40000e+01     1.14874e+00
     1.45000e+01     6.06894e-01     1.45000e+01     1.09410e+00     1.45000e+01     1.15721e+00
     1.50000e+01     5.35656e-01     1.50000e+01     1.03826e+00     1.50000e+01     1.17176e+00
     1.55000e+01     5.54677e-01     1.55000e+01     6.24784e-01     1.55000e+01     1.17048e+00
     1.60000e+01     5.83209e-01     1.60000e+01     6.02145e-01     1.60000e+01     1.15522e+00
     1.65000e+01     5.70684e-01     1.65000e+01     5.77635e-01     1.65000e+01     1.13074e+00
     1.70000e+01     6.13376e-01     1.70000e+01     6.12814e-01     1.70000e+01     1.09583e+00
     1.75000e+01     5.98970e-01     1.75000e+01     6.39775e-01     2.05000e+01     6.91528e-01
     1.80000e+01     6.09043e-01     1.80000e+01     6.12664e-01     2.10000e+01     7.15292e-01
     1.85000e+01     6.49495e-01     1.85000e+01     6.52479e-01     2.15000e+01     7.49019e-01
     1.90000e+01     6.36128e-01     1.90000e+01     6.59289e-01     2.20000e+01     7.36895e-01
     1.95000e+01     6.54522e-01     1.95000e+01     6.54841e-01     2.25000e+01     7.51265e-01
     2.00000e+01     6.90762e-01     2.00000e+01     6.78878e-01     2.30000e+01     7.70898e-01
     2.05000e+01     6.88694e-01     2.05000e+01     7.24071e-01     2.35000e+01     7.95897e-01
     2.10000e+01     6.96434e-01     2.10000e+01     6.99109e-01     2.40000e+01     8.15167e-01
     2.15000e+01     7.17677e-01     2.15000e+01     7.14995e-01     2.45000e+01     8.11672e-01
     2.20000e+01     7.52284e-01     2.20000e+01     7.38775e-01     2.50000e+01     8.26350e-01
     2.25000e+01     7.45080e-01     2.25000e+01     7.71736e-01     2.55000e+01     8.42890e-01
     2.30000e+01     7.60612e-01     2.30000e+01     7.61635e-01     2.60000e+01     8.61851e-01
     2.35000e+01     7.82193e-01     2.35000e+01     7.77991e-01     2.65000e+01     8.87774e-01
     2.40000e+01     8.16611e-01     2.40000e+01     7.98114e-01     2.70000e+01     8.96648e-01
     2.45000e+01     8.07599e-01     2.45000e+01     8.28036e-01     2.75000e+01     8.99777e-01
     2.50000e+01     8.21150e-01     2.50000e+01     8.32278e-01     2.80000e+01     9.13592e-01
     2.55000e+01     8.38010e-01     2.55000e+01     8.37687e-01     2.85000e+01     9.28604e-01
     2.60000e+01     8.57521e-01     2.60000e+01     8.52889e-01     2.90000e+01     9.44384e-01
     2.65000e+01     8.87477e-01     2.65000e+01     8.69546e-01     2.95000e+01     9.62097e-01
     2.70000e+01     8.86038e-01     2.70000e+01     8.90418e-01     3.00000e+01     9.77082e-01
     2.75000e+01     8.94873e-01     2.75000e+01     9.08917e-01     3.05000e+01     9.84967e-01
     2.80000e+01     9.10022e-01     2.80000e+01     9.11106e-01     3.10000e+01     9.93715e-01
     2.85000e+01     9.26561e-01     2.85000e+01     9.24393e-01     3.15000e+01     1.00539e+00
     2.90000e+01     9.48682e-01     2.90000e+01     9.38940e-01     3.20000e+01     1.01785e+00
     2.95000e+01     9.56193e-01     2.95000e+01     9.54266e-01     3.25000e+01     1.03025e+00
     3.00000e+01     9.63631e-01     3.00000e+01     9.71859e-01     3.30000e+01     1.04269e+00
     3.05000e+01     9.76427e-01     3.05000e+01     9.87349e-01     3.35000e+01     1.05560e+00
     3.10000e+01     9.89556e-01     3.10000e+01     9.93405e-01     3.40000e+01     1.06887e+00
     3.15000e+01     1.00285e+00     3.15000e+01     1.00291e+00     3.45000e+01     1.07554e+00
     3.20000e+01     1.01659e+00     3.20000e+01     1.01500e+00     3.50000e+01     1.08404e+00
     3.25000e+01     1.03289e+00     3.25000e+01     1.02729e+00     3.55000e+01     1.09446e+00
     3.30000e+01     1.04197e+00     3.30000e+01     1.03975e+00     3.60000e+01     1.10433e+00
     3.35000e+01     1.04875e+00     3.35000e+01     1.05244e+00     3.65000e+01     1.11386e+00
     3.40000e+01     1.05977e+00     3.40000e+01     1.06848e+00     3.70000e+01     1.12307e+00
     3.45000e+01     1.07073e+00     3.45000e+01     1.07447e+00     3.75000e+01     1.13199e+00
     3.50000e+01     1.08160e+00     3.50000e+01     1.08192e+00     3.80000e+01     1.14063e+00
     3.55000e+01     1.09244e+00     3.55000e+01     1.09213e+00     3.85000e+01     1.14980e+00
     3.60000e+01     1.10436e+00     3.60000e+01     1.10202e+00     3.90000e+01     1.15631e+00
     3.65000e+01     1.11330e+00     3.65000e+01     1.11162e+00     3.95000e+01     1.16237e+00
     3.70000e+01     1.11971e+00     3.70000e+01     1.12091e+00     4.00000e+01     1.16883e+00
     3.75000e+01     1.12777e+00     3.75000e+01     1.12990e+00     4.05000e+01     1.17657e+00
     3.80000e+01     1.13643e+00     3.80000e+01     1.13869e+00     4.10000e+01     1.18325e+00
     3.85000e+01     1.14463e+00     3.85000e+01     1.14849e+00     4.15000e+01     1.18927e+00
     3.90000e+01     1.15248e+00     3.90000e+01     1.15425e+00     4.20000e+01     1.19485e+00
     3.95000e+01     1.16002e+00     3.95000e+01     1.16004e+00     4.25000e+01     1.19997e+00
     4.00000e+01     1.16719e+00     4.00000e+01     1.16742e+00     4.30000e+01     1.20459e+00
     4.05000e+01     1.17406e+00     4.05000e+01     1.17459e+00     4.35000e+01     1.20870e+00
     4.25000e+01     1.19643e+00     4.10000e+01     1.18106e+00     4.40000e+01     1.21242e+00
     4.30000e+01     1.20161e+00     4.15000e+01     1.18710e+00     4.70000e+01     1.22911e+00
     4.35000e+01     1.20619e+00     4.20000e+01     1.19270e+00     4.75000e+01     1.23129e+00
     4.40000e+01     1.21032e+00     4.25000e+01     1.19780e+00     4.80000e+01     1.23255e+00
     4.45000e+01     1.21404e+00     4.30000e+01     1.20242e+00     4.85000e+01     1.23328e+00
     4.50000e+01     1.21734e+00     4.45000e+01     1.21342e+00     4.90000e+01     1.23352e+00
     4.55000e+01     1.22017e+00     4.50000e+01     1.21667e+00     4.95000e+01     1.23325e+00
     4.60000e+01     1.22247e+00     4.55000e+01     1.21991e+00     5.00000e+01     1.23240e+00
     4.65000e+01     1.22426e+00     4.60000e+01     1.22329e+00     5.05000e+01     1.23093e+00
     4.75000e+01     1.22661e+00     4.65000e+01     1.22598e+00     5.20000e+01     1.22518e+00
     4.80000e+01     1.22796e+00     4.70000e+01     1.22791e+00                                
     4.85000e+01     1.22938e+00     4.75000e+01     1.22941e+00                                
     4.90000e+01     1.23044e+00     4.80000e+01     1.23049e+00                                
     4.95000e+01     1.23073e+00     4.85000e+01     1.23110e+00                                
     5.00000e+01     1.23043e+00     4.90000e+01     1.23113e+00                                
     5.05000e+01     1.22968e+00     4.95000e+01     1.23048e+00                                
     5.10000e+01     1.22850e+00     5.10000e+01     1.22728e+00                                
     5.15000e+01     1.22689e+00     5.15000e+01     1.22599e+00                                
     5.20000e+01     1.22479e+00     5.20000e+01     1.22445e+00                                

