Export File Created with QBlade v0.963 64bit on 01.04.2021 at 14:34:35
           T1_Re0.091_M0.00_N9.0           T1_Re0.112_M0.00_N9.0           T1_Re0.171_M0.00_N9.0
 Cd Cl Cd Cl Cd Cl
     3.34923e-02    -1.05099e+00     2.97145e-02    -1.03666e+00     2.44180e-02    -1.02148e+00
     3.17839e-02    -1.02112e+00     2.83046e-02    -1.02035e+00     2.34910e-02    -1.00862e+00
     3.00559e-02    -9.96215e-01     2.70956e-02    -9.98811e-01     2.23635e-02    -9.94219e-01
     2.85767e-02    -9.74272e-01     2.57830e-02    -9.74861e-01     2.14360e-02    -9.77788e-01
     2.73062e-02    -9.51356e-01     2.46775e-02    -9.52157e-01     2.06728e-02    -9.57956e-01
     2.61788e-02    -9.26281e-01     2.36993e-02    -9.27862e-01     2.00282e-02    -9.35203e-01
     2.52319e-02    -8.99419e-01     2.28459e-02    -9.01490e-01     1.93652e-02    -9.09936e-01
     2.44014e-02    -8.70396e-01     2.21609e-02    -8.73029e-01     1.88196e-02    -8.81829e-01
     2.37411e-02    -8.39465e-01     2.15998e-02    -8.42368e-01     1.82211e-02    -8.04545e-01
     2.32326e-02    -8.06859e-01     2.11730e-02    -8.10344e-01     1.77566e-02    -7.23578e-01
     2.28629e-02    -7.73437e-01     2.08740e-02    -7.75667e-01     1.72954e-02    -6.40817e-01
     2.26223e-02    -7.39594e-01     2.07961e-02    -6.86443e-01     1.67306e-02    -5.66324e-01
     2.26845e-02    -6.75689e-01     2.07111e-02    -5.99051e-01     1.62424e-02    -4.91346e-01
     2.28575e-02    -5.86313e-01     2.05195e-02    -5.15895e-01     1.56806e-02    -4.04680e-01
     2.29632e-02    -4.99281e-01     2.02283e-02    -4.34778e-01     1.50481e-02    -3.36933e-01
     2.29654e-02    -4.13841e-01     1.99404e-02    -3.55379e-01     1.45130e-02    -2.75538e-01
     2.29643e-02    -3.30026e-01     1.95529e-02    -2.77934e-01     1.40431e-02    -2.17158e-01
     2.27925e-02    -2.48496e-01     1.91583e-02    -2.01682e-01     1.36593e-02    -1.61345e-01
     2.27602e-02    -1.64784e-01     1.87986e-02    -1.29034e-01     1.33761e-02    -1.07156e-01
     2.27457e-02    -8.25769e-02     1.85331e-02    -6.21814e-02     1.31989e-02    -5.37146e-02
     2.27356e-02    -5.62917e-10     1.84404e-02    -2.51389e-09     1.31325e-02     1.34293e-09
     2.27452e-02     8.25702e-02     1.85329e-02     6.21765e-02     1.31989e-02     5.37145e-02
     2.27593e-02     1.64763e-01     1.87980e-02     1.29014e-01     1.33760e-02     1.07155e-01
     2.27909e-02     2.48462e-01     1.91574e-02     2.01643e-01     1.36591e-02     1.61342e-01
     2.29615e-02     3.29996e-01     1.95514e-02     2.77885e-01     1.40428e-02     2.17150e-01
     2.29613e-02     4.13811e-01     1.99381e-02     3.55337e-01     1.45124e-02     2.75525e-01
     2.29573e-02     4.99246e-01     2.02248e-02     4.34751e-01     1.50472e-02     3.36919e-01
     2.28499e-02     5.86261e-01     2.05143e-02     5.15887e-01     1.56769e-02     4.04257e-01
     2.26758e-02     6.75630e-01     2.07040e-02     5.99060e-01     1.62399e-02     4.91306e-01
     2.26138e-02     7.39275e-01     2.07872e-02     6.86460e-01     1.67271e-02     5.66337e-01
     2.28546e-02     7.73125e-01     2.08641e-02     7.75722e-01     1.72904e-02     6.40881e-01
     2.32244e-02     8.06563e-01     2.11643e-02     8.10032e-01     1.77511e-02     7.23511e-01
     2.37329e-02     8.39183e-01     2.15912e-02     8.42079e-01     1.82139e-02     8.04599e-01
     2.43932e-02     8.70117e-01     2.21524e-02     8.72763e-01     1.88109e-02     8.81522e-01
     2.52237e-02     8.99155e-01     2.28377e-02     9.01240e-01     1.93567e-02     9.09662e-01
     2.61706e-02     9.26038e-01     2.36914e-02     9.27635e-01     2.00198e-02     9.34963e-01
     2.72987e-02     9.51144e-01     2.46698e-02     9.51962e-01     2.06624e-02     9.57759e-01
     2.85696e-02     9.74104e-01     2.57751e-02     9.74705e-01     2.14266e-02     9.77634e-01
     3.00484e-02     9.96102e-01     2.70878e-02     9.98705e-01     2.23545e-02     9.94128e-01
     3.17765e-02     1.02107e+00     2.82960e-02     1.02028e+00     2.34819e-02     1.00863e+00
     3.34842e-02     1.05097e+00     2.97070e-02     1.03672e+00     2.44096e-02     1.02165e+00
     3.52793e-02     1.05853e+00     3.15742e-02     1.06015e+00     2.57223e-02     1.03253e+00
     3.78120e-02     1.08485e+00     3.31546e-02     1.07996e+00     2.69477e-02     1.04361e+00
     4.01707e-02     1.09267e+00     3.54930e-02     1.09647e+00     2.87310e-02     1.06285e+00
     4.31158e-02     1.11296e+00     3.71798e-02     1.11186e+00     3.05231e-02     1.08179e+00
     4.62164e-02     1.09597e+00     4.02869e-02     1.12476e+00     3.29521e-02     1.10454e+00
     4.90614e-02     1.12660e+00     4.33694e-02     1.12407e+00     3.52651e-02     1.12073e+00
     1.17550e-01     6.41563e-01     4.62601e-02     1.15094e+00     3.81576e-02     1.14513e+00
     1.37047e-01     5.90797e-01     5.16203e-02     1.13195e+00     4.13789e-02     1.14874e+00
     1.46408e-01     6.06894e-01     5.83792e-02     1.09410e+00     4.48529e-02     1.15721e+00
     1.68812e-01     5.35656e-01     6.85512e-02     1.03826e+00     4.83626e-02     1.17176e+00
     1.74474e-01     5.54677e-01     1.60550e-01     6.24784e-01     5.38225e-02     1.17048e+00
     1.83950e-01     5.83209e-01     1.79981e-01     6.02145e-01     6.03690e-02     1.15522e+00
     1.87651e-01     5.70684e-01     1.84790e-01     5.77635e-01     6.85932e-02     1.13074e+00
     1.96064e-01     6.13376e-01     1.91243e-01     6.12814e-01     7.91159e-02     1.09583e+00
     2.02246e-01     5.98970e-01     2.02906e-01     6.39775e-01     2.34495e-01     6.91528e-01
     2.07668e-01     6.09043e-01     2.05438e-01     6.12664e-01     2.39496e-01     7.15292e-01
     2.16795e-01     6.49495e-01     2.12084e-01     6.52479e-01     2.50738e-01     7.49019e-01
     2.20904e-01     6.36128e-01     2.21405e-01     6.59289e-01     2.53968e-01     7.36895e-01
     2.26779e-01     6.54522e-01     2.25048e-01     6.54841e-01     2.59774e-01     7.51265e-01
     2.37076e-01     6.90762e-01     2.31177e-01     6.78878e-01     2.64830e-01     7.70898e-01
     2.42417e-01     6.88694e-01     2.47220e-01     7.24071e-01     2.71275e-01     7.95897e-01
     2.46169e-01     6.96434e-01     2.45071e-01     6.99109e-01     2.83987e-01     8.15167e-01
     2.52338e-01     7.17677e-01     2.50667e-01     7.14995e-01     2.85878e-01     8.11672e-01
     2.66897e-01     7.52284e-01     2.56678e-01     7.38775e-01     2.92210e-01     8.26350e-01
     2.65093e-01     7.45080e-01     2.73185e-01     7.71736e-01     2.97885e-01     8.42890e-01
     2.70185e-01     7.60612e-01     2.69228e-01     7.61635e-01     3.03240e-01     8.61851e-01
     2.77039e-01     7.82193e-01     2.74994e-01     7.77991e-01     3.15184e-01     8.87774e-01
     2.98622e-01     8.16611e-01     2.81137e-01     7.98114e-01     3.22884e-01     8.96648e-01
     2.90289e-01     8.07599e-01     2.95628e-01     8.28036e-01     3.25016e-01     8.99777e-01
     2.95728e-01     8.21150e-01     2.99535e-01     8.32278e-01     3.31653e-01     9.13592e-01
     3.01861e-01     8.38010e-01     3.01196e-01     8.37687e-01     3.37560e-01     9.28604e-01
     3.09487e-01     8.57521e-01     3.07381e-01     8.52889e-01     3.43349e-01     9.44384e-01
     3.33015e-01     8.87477e-01     3.13380e-01     8.69546e-01     3.51731e-01     9.62097e-01
     3.26372e-01     8.86038e-01     3.21809e-01     8.90418e-01     3.65497e-01     9.77082e-01
     3.28222e-01     8.94873e-01     3.36517e-01     9.08917e-01     3.69448e-01     9.84967e-01
     3.34426e-01     9.10022e-01     3.34178e-01     9.11106e-01     3.73424e-01     9.93715e-01
     3.41356e-01     9.26561e-01     3.40463e-01     9.24393e-01     3.79814e-01     1.00539e+00
     3.57973e-01     9.48682e-01     3.46753e-01     9.38940e-01     3.86251e-01     1.01785e+00
     3.61944e-01     9.56193e-01     3.53232e-01     9.54266e-01     3.92355e-01     1.03025e+00
     3.62282e-01     9.63631e-01     3.63613e-01     9.71859e-01     3.98235e-01     1.04269e+00
     3.68775e-01     9.76427e-01     3.78923e-01     9.87349e-01     4.05384e-01     1.05560e+00
     3.75318e-01     9.89556e-01     3.78612e-01     9.93405e-01     4.21055e-01     1.06887e+00
     3.81865e-01     1.00285e+00     3.81827e-01     1.00291e+00     4.24192e-01     1.07554e+00
     3.89415e-01     1.01659e+00     3.88455e-01     1.01500e+00     4.28796e-01     1.08404e+00
     4.05187e-01     1.03289e+00     3.94828e-01     1.02729e+00     4.36140e-01     1.09446e+00
     4.12377e-01     1.04197e+00     4.01016e-01     1.03975e+00     4.43117e-01     1.10433e+00
     4.10305e-01     1.04875e+00     4.08493e-01     1.05244e+00     4.49767e-01     1.11386e+00
     4.16955e-01     1.05977e+00     4.29164e-01     1.06848e+00     4.56123e-01     1.12307e+00
     4.23701e-01     1.07073e+00     4.29820e-01     1.07447e+00     4.62038e-01     1.13199e+00
     4.30307e-01     1.08160e+00     4.30885e-01     1.08192e+00     4.68214e-01     1.14063e+00
     4.37576e-01     1.09244e+00     4.37503e-01     1.09213e+00     4.81869e-01     1.14980e+00
     4.51810e-01     1.10436e+00     4.44425e-01     1.10202e+00     4.89879e-01     1.15631e+00
     4.63534e-01     1.11330e+00     4.51100e-01     1.11162e+00     4.94330e-01     1.16237e+00
     4.63512e-01     1.11971e+00     4.57593e-01     1.12091e+00     4.99167e-01     1.16883e+00
     4.67035e-01     1.12777e+00     4.64161e-01     1.12990e+00     5.06401e-01     1.17657e+00
     4.73482e-01     1.13643e+00     4.72075e-01     1.13869e+00     5.13721e-01     1.18325e+00
     4.80406e-01     1.14463e+00     4.90207e-01     1.14849e+00     5.20429e-01     1.18927e+00
     4.87117e-01     1.15248e+00     4.94550e-01     1.15425e+00     5.26759e-01     1.19485e+00
     4.93471e-01     1.16002e+00     4.95321e-01     1.16004e+00     5.32770e-01     1.19997e+00
     5.00074e-01     1.16719e+00     5.00570e-01     1.16742e+00     5.38618e-01     1.20459e+00
     5.09622e-01     1.17406e+00     5.07726e-01     1.17459e+00     5.44997e-01     1.20870e+00
     5.36585e-01     1.19643e+00     5.14625e-01     1.18106e+00     5.56352e-01     1.21242e+00
     5.43570e-01     1.20161e+00     5.21182e-01     1.18710e+00     5.94890e-01     1.22911e+00
     5.50386e-01     1.20619e+00     5.27470e-01     1.19270e+00     6.02144e-01     1.23129e+00
     5.57003e-01     1.21032e+00     5.33901e-01     1.19780e+00     6.08736e-01     1.23255e+00
     5.63435e-01     1.21404e+00     5.42780e-01     1.20242e+00     6.14838e-01     1.23328e+00
     5.69711e-01     1.21734e+00     5.67405e-01     1.21342e+00     6.20503e-01     1.23352e+00
     5.75966e-01     1.22017e+00     5.71815e-01     1.21667e+00     6.25768e-01     1.23325e+00
     5.82851e-01     1.22247e+00     5.77115e-01     1.21991e+00     6.30837e-01     1.23240e+00
     5.94225e-01     1.22426e+00     5.83308e-01     1.22329e+00     6.36757e-01     1.23093e+00
     6.08119e-01     1.22661e+00     5.90097e-01     1.22598e+00     6.60255e-01     1.22518e+00
     6.11582e-01     1.22796e+00     5.96646e-01     1.22791e+00                                
     6.16968e-01     1.22938e+00     6.02953e-01     1.22941e+00                                
     6.23555e-01     1.23044e+00     6.08979e-01     1.23049e+00                                
     6.30181e-01     1.23073e+00     6.14701e-01     1.23110e+00                                
     6.36522e-01     1.23043e+00     6.20361e-01     1.23113e+00                                
     6.42602e-01     1.22968e+00     6.27747e-01     1.23048e+00                                
     6.48437e-01     1.22850e+00     6.50743e-01     1.22728e+00                                
     6.54044e-01     1.22689e+00     6.55281e-01     1.22599e+00                                
     6.59512e-01     1.22479e+00     6.60611e-01     1.22445e+00                                

