Export File Created with QBlade v0.963 64bit on 01.04.2021 at 14:35:38
           T1_Re0.091_M0.00_N9.0           T1_Re0.112_M0.00_N9.0           T1_Re0.171_M0.00_N9.0
 Alpha Cl/Cd Alpha Cl/Cd Alpha Cl/Cd
    -1.00000e+01    -3.13801e+01    -1.00000e+01    -3.48875e+01    -1.00000e+01    -4.18329e+01
    -9.50000e+00    -3.21268e+01    -9.50000e+00    -3.60488e+01    -9.50000e+00    -4.29366e+01
    -9.00000e+00    -3.31454e+01    -9.00000e+00    -3.68625e+01    -9.00000e+00    -4.44572e+01
    -8.50000e+00    -3.40932e+01    -8.50000e+00    -3.78102e+01    -8.50000e+00    -4.56143e+01
    -8.00000e+00    -3.48403e+01    -8.00000e+00    -3.85840e+01    -8.00000e+00    -4.63390e+01
    -7.50000e+00    -3.53829e+01    -7.50000e+00    -3.91514e+01    -7.50000e+00    -4.66943e+01
    -7.00000e+00    -3.56461e+01    -7.00000e+00    -3.94597e+01    -7.00000e+00    -4.69882e+01
    -6.50000e+00    -3.56699e+01    -6.50000e+00    -3.93950e+01    -6.50000e+00    -4.68569e+01
    -6.00000e+00    -3.53591e+01    -6.00000e+00    -3.89988e+01    -6.00000e+00    -4.41545e+01
    -5.50000e+00    -3.47296e+01    -5.50000e+00    -3.82726e+01    -5.50000e+00    -4.07497e+01
    -5.00000e+00    -3.38294e+01    -5.00000e+00    -3.71595e+01    -5.00000e+00    -3.70513e+01
    -4.50000e+00    -3.26932e+01    -4.50000e+00    -3.30082e+01    -4.50000e+00    -3.38496e+01
    -4.00000e+00    -2.97863e+01    -4.00000e+00    -2.89242e+01    -4.00000e+00    -3.02509e+01
    -3.50000e+00    -2.56508e+01    -3.50000e+00    -2.51417e+01    -3.50000e+00    -2.58077e+01
    -3.00000e+00    -2.17426e+01    -3.00000e+00    -2.14936e+01    -3.00000e+00    -2.23904e+01
    -2.50000e+00    -1.80201e+01    -2.50000e+00    -1.78221e+01    -2.50000e+00    -1.89857e+01
    -2.00000e+00    -1.43713e+01    -2.00000e+00    -1.42144e+01    -2.00000e+00    -1.54637e+01
    -1.50000e+00    -1.09025e+01    -1.50000e+00    -1.05271e+01    -1.50000e+00    -1.18121e+01
    -1.00000e+00    -7.24000e+00    -1.00000e+00    -6.86405e+00    -1.00000e+00    -8.01098e+00
    -5.00000e-01    -3.63044e+00    -5.00000e-01    -3.35515e+00    -5.00000e-01    -4.06962e+00
     0.00000e+00    -2.47592e-08     0.00000e+00    -1.36325e-07     0.00000e+00     1.02260e-07
     5.00000e-01     3.63022e+00     5.00000e-01     3.35493e+00     5.00000e-01     4.06962e+00
     1.00000e+00     7.23938e+00     1.00000e+00     6.86317e+00     1.00000e+00     8.01097e+00
     1.50000e+00     1.09018e+01     1.50000e+00     1.05256e+01     1.50000e+00     1.18121e+01
     2.00000e+00     1.43717e+01     2.00000e+00     1.42130e+01     2.00000e+00     1.54635e+01
     2.50000e+00     1.80221e+01     2.50000e+00     1.78220e+01     2.50000e+00     1.89855e+01
     3.00000e+00     2.17468e+01     3.00000e+00     2.14959e+01     3.00000e+00     2.23909e+01
     3.50000e+00     2.56570e+01     3.50000e+00     2.51477e+01     3.50000e+00     2.57868e+01
     4.00000e+00     2.97952e+01     4.00000e+00     2.89345e+01     4.00000e+00     3.02530e+01
     4.50000e+00     3.26913e+01     4.50000e+00     3.30232e+01     4.50000e+00     3.38575e+01
     5.00000e+00     3.38280e+01     5.00000e+00     3.71797e+01     5.00000e+00     3.70657e+01
     5.50000e+00     3.47292e+01     5.50000e+00     3.82735e+01     5.50000e+00     4.07586e+01
     6.00000e+00     3.53595e+01     6.00000e+00     3.90010e+01     6.00000e+00     4.41749e+01
     6.50000e+00     3.56705e+01     6.50000e+00     3.93981e+01     6.50000e+00     4.68622e+01
     7.00000e+00     3.56473e+01     7.00000e+00     3.94628e+01     7.00000e+00     4.69947e+01
     7.50000e+00     3.53846e+01     7.50000e+00     3.91549e+01     7.50000e+00     4.67018e+01
     8.00000e+00     3.48422e+01     8.00000e+00     3.85881e+01     8.00000e+00     4.63528e+01
     8.50000e+00     3.40958e+01     8.50000e+00     3.78157e+01     8.50000e+00     4.56271e+01
     9.00000e+00     3.31499e+01     9.00000e+00     3.68692e+01     9.00000e+00     4.44711e+01
     9.50000e+00     3.21328e+01     9.50000e+00     3.60573e+01     9.50000e+00     4.29534e+01
     1.00000e+01     3.13871e+01     1.00000e+01     3.48981e+01     1.00000e+01     4.18546e+01
     1.05000e+01     3.00044e+01     1.05000e+01     3.35765e+01     1.05000e+01     4.01415e+01
     1.10000e+01     2.86905e+01     1.10000e+01     3.25736e+01     1.10000e+01     3.87273e+01
     1.15000e+01     2.72007e+01     1.15000e+01     3.08925e+01     1.15000e+01     3.69932e+01
     1.20000e+01     2.58133e+01     1.20000e+01     2.99050e+01     1.20000e+01     3.54416e+01
     1.25000e+01     2.37139e+01     1.25000e+01     2.79189e+01     1.25000e+01     3.35197e+01
     1.30000e+01     2.29632e+01     1.30000e+01     2.59185e+01     1.30000e+01     3.17802e+01
     1.35000e+01     5.45780e+00     1.35000e+01     2.48797e+01     1.35000e+01     3.00106e+01
     1.40000e+01     4.31091e+00     1.40000e+01     2.19284e+01     1.40000e+01     2.77616e+01
     1.45000e+01     4.14523e+00     1.45000e+01     1.87413e+01     1.45000e+01     2.58001e+01
     1.50000e+01     3.17310e+00     1.50000e+01     1.51458e+01     1.50000e+01     2.42286e+01
     1.55000e+01     3.17914e+00     1.55000e+01     3.89152e+00     1.55000e+01     2.17470e+01
     1.60000e+01     3.17049e+00     1.60000e+01     3.34560e+00     1.60000e+01     1.91360e+01
     1.65000e+01     3.04119e+00     1.65000e+01     3.12589e+00     1.65000e+01     1.64848e+01
     1.70000e+01     3.12845e+00     1.70000e+01     3.20437e+00     1.70000e+01     1.38509e+01
     1.75000e+01     2.96159e+00     1.75000e+01     3.15307e+00     2.05000e+01     2.94901e+00
     1.80000e+01     2.93278e+00     1.80000e+01     2.98223e+00     2.10000e+01     2.98665e+00
     1.85000e+01     2.99589e+00     1.85000e+01     3.07651e+00     2.15000e+01     2.98726e+00
     1.90000e+01     2.87966e+00     1.90000e+01     2.97775e+00     2.20000e+01     2.90152e+00
     1.95000e+01     2.88616e+00     1.95000e+01     2.90978e+00     2.25000e+01     2.89200e+00
     2.00000e+01     2.91367e+00     2.00000e+01     2.93661e+00     2.30000e+01     2.91092e+00
     2.05000e+01     2.84094e+00     2.05000e+01     2.92885e+00     2.35000e+01     2.93391e+00
     2.10000e+01     2.82909e+00     2.10000e+01     2.85268e+00     2.40000e+01     2.87044e+00
     2.15000e+01     2.84411e+00     2.15000e+01     2.85237e+00     2.45000e+01     2.83923e+00
     2.20000e+01     2.81863e+00     2.20000e+01     2.87821e+00     2.50000e+01     2.82793e+00
     2.25000e+01     2.81063e+00     2.25000e+01     2.82496e+00     2.55000e+01     2.82958e+00
     2.30000e+01     2.81515e+00     2.30000e+01     2.82896e+00     2.60000e+01     2.84214e+00
     2.35000e+01     2.82341e+00     2.35000e+01     2.82912e+00     2.65000e+01     2.81669e+00
     2.40000e+01     2.73460e+00     2.40000e+01     2.83888e+00     2.70000e+01     2.77699e+00
     2.45000e+01     2.78205e+00     2.45000e+01     2.80094e+00     2.75000e+01     2.76841e+00
     2.50000e+01     2.77671e+00     2.50000e+01     2.77856e+00     2.80000e+01     2.75466e+00
     2.55000e+01     2.77614e+00     2.55000e+01     2.78120e+00     2.85000e+01     2.75093e+00
     2.60000e+01     2.77078e+00     2.60000e+01     2.77470e+00     2.90000e+01     2.75051e+00
     2.65000e+01     2.66498e+00     2.65000e+01     2.77474e+00     2.95000e+01     2.73532e+00
     2.70000e+01     2.71481e+00     2.70000e+01     2.76692e+00     3.00000e+01     2.67329e+00
     2.75000e+01     2.72643e+00     2.75000e+01     2.70096e+00     3.05000e+01     2.66605e+00
     2.80000e+01     2.72114e+00     2.80000e+01     2.72641e+00     3.10000e+01     2.66109e+00
     2.85000e+01     2.71435e+00     2.85000e+01     2.71510e+00     3.15000e+01     2.64705e+00
     2.90000e+01     2.65015e+00     2.90000e+01     2.70780e+00     3.20000e+01     2.63519e+00
     2.95000e+01     2.64182e+00     2.95000e+01     2.70152e+00     3.25000e+01     2.62580e+00
     3.00000e+01     2.65989e+00     3.00000e+01     2.67278e+00     3.30000e+01     2.61829e+00
     3.05000e+01     2.64776e+00     3.05000e+01     2.60567e+00     3.35000e+01     2.60395e+00
     3.10000e+01     2.63658e+00     3.10000e+01     2.62381e+00     3.40000e+01     2.53854e+00
     3.15000e+01     2.62619e+00     3.15000e+01     2.62660e+00     3.45000e+01     2.53550e+00
     3.20000e+01     2.61054e+00     3.20000e+01     2.61290e+00     3.50000e+01     2.52811e+00
     3.25000e+01     2.54918e+00     3.25000e+01     2.60188e+00     3.55000e+01     2.50942e+00
     3.30000e+01     2.52673e+00     3.30000e+01     2.59279e+00     3.60000e+01     2.49219e+00
     3.35000e+01     2.55602e+00     3.35000e+01     2.57639e+00     3.65000e+01     2.47652e+00
     3.40000e+01     2.54168e+00     3.40000e+01     2.48967e+00     3.70000e+01     2.46220e+00
     3.45000e+01     2.52709e+00     3.45000e+01     2.49982e+00     3.75000e+01     2.44998e+00
     3.50000e+01     2.51354e+00     3.50000e+01     2.51093e+00     3.80000e+01     2.43614e+00
     3.55000e+01     2.49658e+00     3.55000e+01     2.49627e+00     3.85000e+01     2.38613e+00
     3.60000e+01     2.44429e+00     3.60000e+01     2.47965e+00     3.90000e+01     2.36039e+00
     3.65000e+01     2.40175e+00     3.65000e+01     2.46423e+00     3.95000e+01     2.35140e+00
     3.70000e+01     2.41570e+00     3.70000e+01     2.44959e+00     4.00000e+01     2.34155e+00
     3.75000e+01     2.41474e+00     3.75000e+01     2.43430e+00     4.05000e+01     2.32340e+00
     3.80000e+01     2.40015e+00     3.80000e+01     2.41210e+00     4.10000e+01     2.30330e+00
     3.85000e+01     2.38264e+00     3.85000e+01     2.34287e+00     4.15000e+01     2.28518e+00
     3.90000e+01     2.36592e+00     3.90000e+01     2.33393e+00     4.20000e+01     2.26830e+00
     3.95000e+01     2.35074e+00     3.95000e+01     2.34200e+00     4.25000e+01     2.25232e+00
     4.00000e+01     2.33402e+00     4.00000e+01     2.33219e+00     4.30000e+01     2.23645e+00
     4.05000e+01     2.30379e+00     4.05000e+01     2.31343e+00     4.35000e+01     2.21780e+00
     4.25000e+01     2.22970e+00     4.10000e+01     2.29499e+00     4.40000e+01     2.17924e+00
     4.30000e+01     2.21060e+00     4.15000e+01     2.27771e+00     4.70000e+01     2.06611e+00
     4.35000e+01     2.19153e+00     4.20000e+01     2.26118e+00     4.75000e+01     2.04484e+00
     4.40000e+01     2.17292e+00     4.25000e+01     2.24348e+00     4.80000e+01     2.02477e+00
     4.45000e+01     2.15472e+00     4.30000e+01     2.21530e+00     4.85000e+01     2.00586e+00
     4.50000e+01     2.13677e+00     4.45000e+01     2.13855e+00     4.90000e+01     1.98794e+00
     4.55000e+01     2.11848e+00     4.50000e+01     2.12773e+00     4.95000e+01     1.97077e+00
     4.60000e+01     2.09741e+00     4.55000e+01     2.11381e+00     5.00000e+01     1.95360e+00
     4.65000e+01     2.06026e+00     4.60000e+01     2.09715e+00     5.05000e+01     1.93313e+00
     4.75000e+01     2.01706e+00     4.65000e+01     2.07758e+00     5.20000e+01     1.85561e+00
     4.80000e+01     2.00784e+00     4.70000e+01     2.05803e+00                                
     4.85000e+01     1.99262e+00     4.75000e+01     2.03898e+00                                
     4.90000e+01     1.97327e+00     4.80000e+01     2.02058e+00                                
     4.95000e+01     1.95298e+00     4.85000e+01     2.00276e+00                                
     5.00000e+01     1.93306e+00     4.90000e+01     1.98454e+00                                
     5.05000e+01     1.91360e+00     4.95000e+01     1.96016e+00                                
     5.10000e+01     1.89456e+00     5.10000e+01     1.88597e+00                                
     5.15000e+01     1.87585e+00     5.15000e+01     1.87094e+00                                
     5.20000e+01     1.85712e+00     5.20000e+01     1.85351e+00                                

