Export File Created with QBlade v0.963 64bit on 01.04.2021 at 14:35:20
           T1_Re0.091_M0.00_N9.0           T1_Re0.112_M0.00_N9.0           T1_Re0.171_M0.00_N9.0
 Alpha Cm Alpha Cm Alpha Cm
    -1.00000e+01    -9.69203e-03    -1.00000e+01    -1.23324e-02    -1.00000e+01    -1.50847e-02
    -9.50000e+00    -5.84734e-03    -9.50000e+00    -6.14153e-03    -9.50000e+00    -8.02048e-03
    -9.00000e+00    -1.07498e-03    -9.00000e+00    -6.73299e-04    -9.00000e+00    -1.26708e-03
    -8.50000e+00     4.29256e-03    -8.50000e+00     4.42094e-03    -8.50000e+00     5.24883e-03
    -8.00000e+00     9.58079e-03    -8.00000e+00     9.76347e-03    -8.00000e+00     1.11891e-02
    -7.50000e+00     1.45339e-02    -7.50000e+00     1.48295e-02    -7.50000e+00     1.65440e-02
    -7.00000e+00     1.91612e-02    -7.00000e+00     1.94937e-02    -7.00000e+00     2.12898e-02
    -6.50000e+00     2.33699e-02    -6.50000e+00     2.37180e-02    -6.50000e+00     2.54202e-02
    -6.00000e+00     2.71848e-02    -6.00000e+00     2.74555e-02    -6.00000e+00     2.00744e-02
    -5.50000e+00     3.06112e-02    -5.50000e+00     3.08113e-02    -5.50000e+00     1.42839e-02
    -5.00000e+00     3.37504e-02    -5.00000e+00     3.34975e-02    -5.00000e+00     8.40969e-03
    -4.50000e+00     3.66208e-02    -4.50000e+00     2.60206e-02    -4.50000e+00     4.48604e-03
    -4.00000e+00     3.36947e-02    -4.00000e+00     1.93714e-02    -4.00000e+00     7.34523e-04
    -3.50000e+00     2.67428e-02    -3.50000e+00     1.37551e-02    -3.50000e+00    -5.03383e-03
    -3.00000e+00     2.04715e-02    -3.00000e+00     9.21140e-03    -3.00000e+00    -6.64368e-03
    -2.50000e+00     1.52687e-02    -2.50000e+00     5.31258e-03    -2.50000e+00    -6.75534e-03
    -2.00000e+00     1.09167e-02    -2.00000e+00     2.06480e-03    -2.00000e+00    -6.10873e-03
    -1.50000e+00     7.20751e-03    -1.50000e+00    -1.33451e-04    -1.50000e+00    -4.87900e-03
    -1.00000e+00     4.26706e-03    -1.00000e+00    -1.25252e-03    -1.00000e+00    -3.32074e-03
    -5.00000e-01     2.03266e-03    -5.00000e-01    -1.07840e-03    -5.00000e-01    -1.63956e-03
     0.00000e+00     1.07388e-10     0.00000e+00     4.53034e-10     0.00000e+00    -2.07842e-10
     5.00000e-01    -2.03143e-03     5.00000e-01     1.07928e-03     5.00000e-01     1.63961e-03
     1.00000e+00    -4.26316e-03     1.00000e+00     1.25624e-03     1.00000e+00     3.32097e-03
     1.50000e+00    -7.20115e-03     1.50000e+00     1.40738e-04     1.50000e+00     4.87972e-03
     2.00000e+00    -1.09110e-02     2.00000e+00    -2.05531e-03     2.00000e+00     6.11042e-03
     2.50000e+00    -1.52642e-02     2.50000e+00    -5.30447e-03     2.50000e+00     6.75819e-03
     3.00000e+00    -2.04673e-02     3.00000e+00    -9.20678e-03     3.00000e+00     6.64669e-03
     3.50000e+00    -2.67384e-02     3.50000e+00    -1.37555e-02     3.50000e+00     5.11675e-03
     4.00000e+00    -3.36918e-02     4.00000e+00    -1.93772e-02     4.00000e+00    -7.26699e-04
     4.50000e+00    -3.65724e-02     4.50000e+00    -2.60307e-02     4.50000e+00    -4.48997e-03
     5.00000e+00    -3.37026e-02     5.00000e+00    -3.35186e-02     5.00000e+00    -8.42523e-03
     5.50000e+00    -3.05652e-02     5.50000e+00    -3.07623e-02     5.50000e+00    -1.42749e-02
     6.00000e+00    -2.71401e-02     6.00000e+00    -2.74096e-02     6.00000e+00    -2.00919e-02
     6.50000e+00    -2.33248e-02     6.50000e+00    -2.36749e-02     6.50000e+00    -2.53710e-02
     7.00000e+00    -1.91175e-02     7.00000e+00    -1.94524e-02     7.00000e+00    -2.12453e-02
     7.50000e+00    -1.44927e-02     7.50000e+00    -1.47913e-02     7.50000e+00    -1.65043e-02
     8.00000e+00    -9.54422e-03     8.00000e+00    -9.72973e-03     8.00000e+00    -1.11550e-02
     8.50000e+00    -4.26264e-03     8.50000e+00    -4.39298e-03     8.50000e+00    -5.22160e-03
     9.00000e+00     1.09638e-03     9.00000e+00     6.93327e-04     9.00000e+00     1.28406e-03
     9.50000e+00     5.85839e-03     9.50000e+00     6.15597e-03     9.50000e+00     8.02102e-03
     1.00000e+01     9.69882e-03     1.00000e+01     1.23258e-02     1.00000e+01     1.50541e-02
     1.05000e+01     1.68856e-02     1.05000e+01     1.70343e-02     1.05000e+01     2.21660e-02
     1.10000e+01     2.07037e-02     1.10000e+01     2.22488e-02     1.10000e+01     2.86828e-02
     1.15000e+01     2.69538e-02     1.15000e+01     2.73261e-02     1.15000e+01     3.31838e-02
     1.20000e+01     3.07496e-02     1.20000e+01     3.25262e-02     1.20000e+01     3.71131e-02
     1.25000e+01     3.88126e-02     1.25000e+01     3.70097e-02     1.25000e+01     4.00984e-02
     1.30000e+01     4.06993e-02     1.30000e+01     4.23183e-02     1.30000e+01     4.31872e-02
     1.35000e+01     2.04616e-02     1.35000e+01     4.42673e-02     1.35000e+01     4.51807e-02
     1.40000e+01     1.16502e-02     1.40000e+01     4.84956e-02     1.40000e+01     4.78041e-02
     1.45000e+01     1.00251e-02     1.45000e+01     5.10630e-02     1.45000e+01     4.94110e-02
     1.50000e+01    -3.90734e-03     1.50000e+01     5.00479e-02     1.50000e+01     5.05374e-02
     1.55000e+01    -5.27042e-03     1.55000e+01     6.08101e-03     1.55000e+01     5.14431e-02
     1.60000e+01    -6.00163e-03     1.60000e+01    -2.87039e-03     1.60000e+01     5.09336e-02
     1.65000e+01    -1.12421e-02     1.65000e+01    -9.94299e-03     1.65000e+01     4.89737e-02
     1.70000e+01    -1.02363e-02     1.70000e+01    -9.49348e-03     1.70000e+01     4.50024e-02
     1.75000e+01    -1.65722e-02     1.75000e+01    -1.06147e-02     2.05000e+01    -3.61509e-02
     1.80000e+01    -2.03245e-02     1.80000e+01    -1.96159e-02     2.10000e+01    -3.76083e-02
     1.85000e+01    -1.91980e-02     1.85000e+01    -1.81774e-02     2.15000e+01    -3.60724e-02
     1.90000e+01    -2.70240e-02     1.90000e+01    -2.24240e-02     2.20000e+01    -4.78649e-02
     1.95000e+01    -2.97038e-02     1.95000e+01    -2.97945e-02     2.25000e+01    -5.27588e-02
     2.00000e+01    -2.89267e-02     2.00000e+01    -3.11789e-02     2.30000e+01    -5.56018e-02
     2.05000e+01    -3.55075e-02     2.05000e+01    -2.87758e-02     2.35000e+01    -5.64438e-02
     2.10000e+01    -4.14944e-02     2.10000e+01    -4.09330e-02     2.40000e+01    -5.85811e-02
     2.15000e+01    -4.38096e-02     2.15000e+01    -4.49693e-02     2.45000e+01    -6.98273e-02
     2.20000e+01    -4.27793e-02     2.20000e+01    -4.64887e-02     2.50000e+01    -7.46665e-02
     2.25000e+01    -5.27238e-02     2.25000e+01    -4.54706e-02     2.55000e+01    -7.85556e-02
     2.30000e+01    -5.70977e-02     2.30000e+01    -5.71701e-02     2.60000e+01    -8.12344e-02
     2.35000e+01    -5.91573e-02     2.35000e+01    -6.12074e-02     2.65000e+01    -8.07880e-02
     2.40000e+01    -5.75278e-02     2.40000e+01    -6.37013e-02     2.70000e+01    -8.67009e-02
     2.45000e+01    -6.90594e-02     2.45000e+01    -6.28790e-02     2.75000e+01    -9.68814e-02
     2.50000e+01    -7.43587e-02     2.50000e+01    -7.00468e-02     2.80000e+01    -1.02125e-01
     2.55000e+01    -7.80522e-02     2.55000e+01    -7.87950e-02     2.85000e+01    -1.06319e-01
     2.60000e+01    -8.04405e-02     2.60000e+01    -8.32536e-02     2.90000e+01    -1.09803e-01
     2.65000e+01    -7.91927e-02     2.65000e+01    -8.69182e-02     2.95000e+01    -1.11791e-01
     2.70000e+01    -8.88311e-02     2.70000e+01    -8.83765e-02     3.00000e+01    -1.14683e-01
     2.75000e+01    -9.67234e-02     2.75000e+01    -9.05337e-02     3.05000e+01    -1.21730e-01
     2.80000e+01    -1.00939e-01     2.80000e+01    -1.00824e-01     3.10000e+01    -1.29357e-01
     2.85000e+01    -1.04142e-01     2.85000e+01    -1.06300e-01     3.15000e+01    -1.36112e-01
     2.90000e+01    -1.04327e-01     2.90000e+01    -1.10632e-01     3.20000e+01    -1.41028e-01
     2.95000e+01    -1.11093e-01     2.95000e+01    -1.14220e-01     3.25000e+01    -1.45694e-01
     3.00000e+01    -1.19859e-01     3.00000e+01    -1.16078e-01     3.30000e+01    -1.49929e-01
     3.05000e+01    -1.25131e-01     3.05000e+01    -1.18812e-01     3.35000e+01    -1.53129e-01
     3.10000e+01    -1.29830e-01     3.10000e+01    -1.26965e-01     3.40000e+01    -1.55060e-01
     3.15000e+01    -1.34154e-01     3.15000e+01    -1.34797e-01     3.45000e+01    -1.62757e-01
     3.20000e+01    -1.37726e-01     3.20000e+01    -1.40296e-01     3.50000e+01    -1.70699e-01
     3.25000e+01    -1.39072e-01     3.25000e+01    -1.45128e-01     3.55000e+01    -1.76905e-01
     3.30000e+01    -1.44829e-01     3.30000e+01    -1.49435e-01     3.60000e+01    -1.82194e-01
     3.35000e+01    -1.54352e-01     3.35000e+01    -1.52928e-01     3.65000e+01    -1.87369e-01
     3.40000e+01    -1.60003e-01     3.40000e+01    -1.53212e-01     3.70000e+01    -1.92453e-01
     3.45000e+01    -1.65033e-01     3.45000e+01    -1.60978e-01     3.75000e+01    -1.97284e-01
     3.50000e+01    -1.69725e-01     3.50000e+01    -1.69630e-01     3.80000e+01    -2.01469e-01
     3.55000e+01    -1.73746e-01     3.55000e+01    -1.75921e-01     3.85000e+01    -2.03384e-01
     3.60000e+01    -1.75737e-01     3.60000e+01    -1.81195e-01     3.90000e+01    -2.09132e-01
     3.65000e+01    -1.80327e-01     3.65000e+01    -1.86301e-01     3.95000e+01    -2.15991e-01
     3.70000e+01    -1.88207e-01     3.70000e+01    -1.91252e-01     4.00000e+01    -2.23246e-01
     3.75000e+01    -1.95514e-01     3.75000e+01    -1.95915e-01     4.05000e+01    -2.30176e-01
     3.80000e+01    -2.01618e-01     3.80000e+01    -1.99872e-01     4.10000e+01    -2.35770e-01
     3.85000e+01    -2.07111e-01     3.85000e+01    -2.01475e-01     4.15000e+01    -2.41194e-01
     3.90000e+01    -2.12424e-01     3.90000e+01    -2.08166e-01     4.20000e+01    -2.46554e-01
     3.95000e+01    -2.17485e-01     3.95000e+01    -2.16248e-01     4.25000e+01    -2.51822e-01
     4.00000e+01    -2.22118e-01     4.00000e+01    -2.23353e-01     4.30000e+01    -2.56904e-01
     4.05000e+01    -2.25692e-01     4.05000e+01    -2.29207e-01     4.35000e+01    -2.61534e-01
     4.25000e+01    -2.50210e-01     4.10000e+01    -2.34654e-01     4.40000e+01    -2.64725e-01
     4.30000e+01    -2.55973e-01     4.15000e+01    -2.39974e-01     4.70000e+01    -3.01968e-01
     4.35000e+01    -2.61522e-01     4.20000e+01    -2.45132e-01     4.75000e+01    -3.07753e-01
     4.40000e+01    -2.67007e-01     4.25000e+01    -2.49944e-01     4.80000e+01    -3.13366e-01
     4.45000e+01    -2.72440e-01     4.30000e+01    -2.53792e-01     4.85000e+01    -3.18935e-01
     4.50000e+01    -2.77793e-01     4.45000e+01    -2.69980e-01     4.90000e+01    -3.24458e-01
     4.55000e+01    -2.82987e-01     4.50000e+01    -2.76670e-01     4.95000e+01    -3.29898e-01
     4.60000e+01    -2.87787e-01     4.55000e+01    -2.83204e-01     5.00000e+01    -3.35143e-01
     4.65000e+01    -2.91311e-01     4.60000e+01    -2.89594e-01     5.05000e+01    -3.39846e-01
     4.75000e+01    -3.03061e-01     4.65000e+01    -2.95419e-01     5.20000e+01    -3.55471e-01
     4.80000e+01    -3.10067e-01     4.70000e+01    -3.01030e-01                                
     4.85000e+01    -3.16652e-01     4.75000e+01    -3.06592e-01                                
     4.90000e+01    -3.22708e-01     4.80000e+01    -3.12097e-01                                
     4.95000e+01    -3.28432e-01     4.85000e+01    -3.17497e-01                                
     5.00000e+01    -3.34060e-01     4.90000e+01    -3.22637e-01                                
     5.05000e+01    -3.39646e-01     4.95000e+01    -3.26994e-01                                
     5.10000e+01    -3.45192e-01     5.10000e+01    -3.43383e-01                                
     5.15000e+01    -3.50679e-01     5.15000e+01    -3.49929e-01                                
     5.20000e+01    -3.56049e-01     5.20000e+01    -3.56222e-01                                

